100
3 1 5 15 13 11
3 0 8 23 22 21
1 0 9 20
1 0 8 21
3 3 4 21 16 14
3 1 2 0 0 28
1 1 0 11
1 0 9 29
3 0 1 0 0 0
2 0 5 11 20
1 0 10 30
2 0 10 26 12
2 0 5 11 14
2 0 4 24 27
1 0 1 0
1 0 9 24
2 1 9 8 30
1 0 6 14
2 0 9 24 24
3 3 4 21 17 17
3 0 2 2 3 27
3 3 3 18 2 16
1 0 6 15
2 0 10 27 17
1 1 7 21
1 0 8 20
1 0 3 0
2 1 0 30 14
1 0 2 3
2 0 4 30 8
3 0 2 2 25 3
3 0 2 20 2 26
2 1 7 17 25
3 2 10 27 27 26
2 0 8 2 21
2 0 9 29 23
3 1 7 1 19 30
1 0 3 23
3 0 3 5 6 28
1 1 1 22
2 0 9 19 15
1 0 5 11
2 2 9 23 23
1 0 8 20
1 1 8 5
3 3 6 23 18 18
3 0 0 13 18 19
2 2 6 24 22
2 0 8 27 19
1 0 8 6
2 0 9 25 13
3 0 7 13 1 10
2 1 3 25 0
1 1 2 11
2 0 0 0 0
3 1 6 29 0 11
1 0 3 5
3 0 2 3 30 3
3 0 7 17 27 18
1 1 9 21
2 0 4 16 20
3 0 4 12 27 18
2 2 10 21 5
2 0 8 0 18
3 2 0 18 23 4
1 0 9 8
1 0 8 20
1 1 5 12
3 2 1 0 19 24
3 1 4 9 9 9
3 2 4 8 8 9
1 0 4 6
3 0 4 15 13 29
2 1 7 16 23
1 1 0 26
2 0 8 13 4
2 1 1 24 8
1 0 8 21
3 0 9 7 24 12
1 0 5 19
3 2 10 21 30 19
3 3 7 5 28 18
2 0 0 30 16
1 0 10 27
1 0 7 18
1 1 4 26
2 1 7 1 17
2 1 4 8 9
3 3 3 26 27 5
3 0 0 30 30 30
3 3 10 6 26 19
1 0 10 26
1 1 3 8
1 0 2 2
1 1 7 19
3 1 0 13 25 29
2 2 9 25 18
1 0 4 10
1 0 2 0
2 0 7 17 17
