20
2 5
0.600000 0.600000
1 20
1.000000
3 4
1.000000 0.900000 0.100000
3 17
0.159064 0.747528 0.592743
3 42
0.000009 0.000007 0.000006
2 7
0.191321 0.947496
2 60
0.066839 0.487005
3 5
0.661331 0.875969 0.822354
3 10
0.920767 0.841077 0.141402
2 4
0.000001 0.000002
3 100
0.011509 0.130551 0.232149
3 4
0.999999 1.000000 0.413127
1 3
0.000001
3 10
0.006215 0.825637 0.141006
2 5
0.568736 0.182859
1 4
0.999999
2 3
0.999999 0.999998
3 42
1.000000 0.999999 0.999999
3 10
0.877745 0.042894 0.916235
2 7
0.864580 0.045753
