20
2 5
0.600000 0.600000
1 20
1.000000
3 4
1.000000 0.900000 0.100000
3 42
0.000007 0.000006 0.000005
3 17
0.207258 0.098256 0.004990
2 4
0.000004 0.000007
3 100
0.076264 0.134182 0.116882
2 3
1.000000 1.000000
2 5
0.949316 0.263826
3 10
0.970761 0.010141 0.992952
3 10
0.952180 0.836665 0.027973
2 7
0.961831 0.178571
3 5
0.844266 0.560175 0.701380
3 10
0.099111 0.907778 0.011539
2 7
0.074663 0.809730
1 4
0.999999
3 4
0.999999 1.000000 0.542256
2 60
0.656371 0.122477
1 3
0.000006
3 42
0.999998 1.000000 0.999999
