20
2 5
0.600000 0.600000
1 20
1.000000
3 4
1.000000 0.900000 0.100000
2 60
0.458593 0.064440
3 17
0.496042 0.104994 0.082437
3 100
0.954948 0.701069 0.142873
2 4
0.000010 0.000005
2 7
0.822891 0.075169
3 42
0.000006 0.000005 0.000010
2 3
0.999998 0.999999
3 5
0.318160 0.009009 0.212875
3 10
0.176854 0.804155 0.069857
3 42
1.000000 1.000000 0.999998
2 7
0.195126 0.811074
1 4
1.000000
3 10
0.992744 0.023453 0.938622
3 10
0.962917 0.883207 0.021672
2 5
0.950644 0.451846
3 4
0.999999 1.000000 0.425232
1 3
0.000007
